94
2175 0 0
2492 1 0
2809 2 1200
4710 0 0
5027 1 0
5344 2 1200
7245 3 0
7562 2 0
7879 1 800
8830 2 0
9147 0 500
9780 1 500
10414 3 1200
12315 3 500
12949 2 750
13900 1 0
14217 0 0
14850 3 0
15484 1 0
16118 1 0
16752 1 0
17385 0 0
17702 1 0
18019 2 500
18653 3 0
18970 3 0
19287 2 500
19920 1 500
20554 0 1200
22455 2 0
22772 1 0
23089 0 800
24040 3 0
24357 2 0
25020 1 0
25337 2 0
25654 3 800
26599 3 0
26930 0 500
28279 0 350
28714 0 0
28913 1 0
29230 2 0
29547 3 800
30497 2 0
30814 1 500
31448 3 500
32082 1 1200
34033 1 0
34350 2 0
34667 3 0
34984 3 500
35617 1 0
35934 3 0
36568 2 0
37202 0 0
37835 0 0
38152 1 0
38469 2 0
38786 2 500
39420 0 0
39737 2 0
40400 1 0
41054 0 0
41531 1 0
41688 1 0
42322 2 0
42800 3 0
42955 3 0
43589 3 400
44076 2 0
44223 1 0
44540 0 0
44857 1 0
45174 1 0
45490 3 0
45807 1 0
46124 2 500
46758 0 0
47392 0 0
48025 0 500
48659 1 800
49610 2 0
49927 3 500
50560 2 0
50877 1 0
51194 3 1200
53095 2 0
53412 1 0
53729 0 1000
54930 1 0
55410 1 600
56207 2 800
57218 3 3800