350
3600 2 0
3900 0 0
4050 0 0
4200 3 0
4350 3 0
4500 1 0
4650 1 0
4800 1 0
5100 0 0
5250 0 0
5400 2 0
5550 2 0
5700 1 0
5850 1 0
6000 2 0
6300 0 0
6450 0 0
6600 2 0
6900 3 0
7200 1 0
7500 2 0
7650 2 0
7800 0 0
8100 1 0
8400 0 0
8700 1 0
8850 1 0
9000 0 0
9150 1 0
9450 1 0
9600 2 0
9900 1 0
10050 1 0
10200 3 0
10350 1 0
10500 2 0
10650 0 0
10800 1 0
11100 0 0
11250 0 0
11400 2 0
11550 0 0
11700 3 0
11850 1 0
12000 2 0
12300 0 0
12450 0 0
12600 1 0
12750 2 0
12900 3 0
13050 2 0
13200 1 0
13500 0 0
13650 0 0
13800 3 0
13950 3 0
14100 1 0
14250 1 0
14400 0 0
14700 1 0
14850 1 0
15000 2 0
15150 2 0
15300 0 0
15450 0 0
15600 3 0
15900 0 0
16050 0 0
16200 2 0
16500 3 0
16800 1 0
17100 2 0
17250 2 0
17400 0 0
17700 1 0
18000 0 0
18300 0 0
18450 0 0
18600 0 0
18750 1 0
19050 2 0
19200 3 0
19500 0 0
19650 0 0
19800 3 0
19950 1 0
20100 2 0
20250 1 0
20400 0 0
20700 2 0
20850 2 0
21000 3 0
21150 1 0
21300 2 0
21450 0 0
21600 1 0
21900 0 0
22050 0 0
22200 1 0
22350 2 0
22500 3 0
22650 0 0
22800 3 900
24000 2 300
24450 2 0
25200 1 600
25950 3 0
26250 2 0
26400 1 300
27000 2 0
27300 1 0
27600 0 600
28350 2 0
28650 1 0
28800 2 300
29100 3 0
29400 1 300
30000 0 450
30600 2 0
30825 1 0
31050 0 0
31200 2 0
31500 2 0
31650 3 0
31800 2 0
31950 3 0
32100 0 0
32250 2 0
32400 1 600
33150 2 0
33450 3 0
33600 1 700
34500 1 0
34800 3 400
35550 0 0
35850 1 0
36000 2 0
36300 1 0
36600 0 0
37200 2 0
37500 1 0
37800 0 0
38100 3 0
38400 2 0
38700 1 0
39000 0 0
39300 2 0
39600 3 0
39900 2 0
40200 0 0
40500 1 0
40800 3 900
42000 3 0
42300 1 0
42600 2 0
42900 0 0
43200 3 300
43800 1 0
44100 2 0
44400 3 0
44700 0 0
44850 0 0
45000 3 0
45300 1 0
45600 2 300
45900 3 0
46050 2 0
46200 3 0
46350 2 0
46500 3 0
46800 1 0
47100 3 0
47400 0 0
47700 1 0
48000 2 0
48150 0 0
48300 3 0
48450 1 0
48600 2 300
49200 3 0
49500 2 0
49800 1 0
50100 3 0
50400 0 0
50700 2 0
50850 0 0
51000 3 0
51150 1 0
51300 0 0
51600 3 0
51900 2 0
52200 2 0
52500 0 0
52800 2 300
53400 1 0
53700 3 0
54000 0 0
54150 1 0
54300 2 0
54450 3 0
54600 2 0
54750 1 0
54900 0 0
55050 0 0
55200 3 300
55650 2 0
55800 2 300
56400 3 0
56700 0 0
57000 1 0
57300 0 300
57600 3 0
57900 1 0
58200 2 0
58500 0 0
58800 3 0
58950 0 0
59100 2 0
59250 1 0
59400 2 0
59550 0 0
59700 3 0
59850 1 0
60000 3 0
60150 0 0
60300 2 0
60450 1 0
60600 2 0
60750 0 0
60900 2 0
61200 0 0
61500 1 0
61800 2 0
62100 1 0
62400 3 0
62700 2 0
63000 1 0
63600 3 0
63900 1 0
64050 2 0
64200 3 0
64500 1 0
64650 2 0
64800 3 0
64950 0 0
65100 1 0
65250 2 0
65400 3 0
65550 0 0
65700 1 0
65850 3 0
66000 2 0
66300 1 0
66450 2 0
66600 3 0
66900 0 0
67050 1 0
67200 2 0
67350 3 0
67500 2 0
67650 1 0
67800 2 0
67950 0 0
68100 1 0
68250 2 0
68400 1 0
68700 3 0
68850 2 0
69000 1 0
69300 2 0
69450 1 0
69600 3 0
69750 2 0
69900 0 0
70050 2 0
70200 3 0
70350 1 0
70500 2 0
70650 3 0
70800 2 0
71100 3 0
71250 0 0
71400 2 0
71700 1 0
71850 3 0
72000 0 0
72150 2 0
72300 1 0
72450 3 0
72600 0 0
72750 2 0
72900 1 0
73050 3 0
73200 2 0
73500 1 0
73650 2 0
73800 3 0
74100 2 0
74250 0 0
74400 2 0
74550 0 0
74700 1 0
74850 2 0
75000 3 0
75150 3 0
75300 0 0
75450 3 0
75600 2 0
75900 0 0
76050 1 0
76200 3 0
76500 0 0
76650 2 0
76800 1 0
76950 3 0
77100 2 0
77250 0 0
77400 2 0
77550 3 0
77700 0 0
77850 2 0
78000 1 0
78300 3 0
78450 2 0
78600 1 0
78900 3 0
79050 1 0
79200 2 0
79350 0 0
79500 3 0
79650 1 0
79800 2 0
79950 0 0
80100 3 0
80250 1 0
80400 3 0
80700 2 0
80850 0 0
81000 1 0
81300 2 0
81450 0 0
81600 1 0
81750 2 0
81900 3 0
82050 2 0
82200 1 0
82350 3 0
82500 0 0
82650 1 0
82800 2 2000