378
1370 0 0
1592 2 0
1814 1 0
2037 0 0
2259 3 0
2481 2 0
2704 1 0
2926 3 0
3148 2 0
3371 0 0
3593 2 0
3815 3 0
4038 1 0
4260 0 0
4482 2 0
4705 3 0
4927 0 0
5149 2 0
5372 1 0
5594 2 0
5816 0 0
6039 3 0
6261 1 0
6483 0 0
6706 2 0
6928 3 0
7150 0 0
7373 1 0
7595 2 0
7817 1 0
8040 3 0
8262 2 0
8484 0 0
8707 1 0
8929 0 0
9151 2 0
9374 1 0
9596 2 0
9818 3 0
10041 0 0
10263 2 0
10485 1 0
10708 3 0
10930 0 0
11152 2 0
11375 3 0
11597 2 0
11819 0 0
12042 1 500
12709 3 500
13376 0 500
14043 2 500
14710 1 500
15377 3 500
16044 0 500
16711 2 0
16933 1 0
17155 0 0
17378 1 500
18045 3 500
18712 2 500
19379 3 500
20046 0 500
20713 2 500
21380 1 500
22047 3 500
22714 0 0
22936 1 0
23047 2 0
23269 2 0
23381 1 0
23603 1 0
23714 2 0
23936 0 0
24048 1 0
24270 3 0
24381 2 0
24603 1 0
24715 0 0
24937 2 0
25048 3 0
25270 1 0
25382 0 0
25493 0 0
25604 0 0
25715 3 0
25826 3 0
25937 3 0
26049 2 0
26160 2 0
26271 2 0
26382 1 0
26493 1 0
26604 1 0
26716 0 0
26938 1 0
27049 1 0
27271 2 0
27383 2 0
27605 1 0
27716 1 0
27938 3 0
28050 2 500
28717 0 0
29050 1 0
29272 1 0
29384 1 0
29606 0 0
29717 0 0
29939 1 0
30051 1 0
30273 3 0
30384 3 0
30606 2 0
30718 2 1000
32052 0 0
32163 1 0
32274 2 0
32385 3 250
32719 2 0
32830 1 0
32941 2 0
33052 3 250
33386 3 0
33497 2 0
33608 1 0
33719 0 250
34053 1 0
34164 2 0
34275 1 0
34386 0 250
34720 1 0
34831 1 0
34942 2 0
35053 1 0
35164 1 0
35275 2 0
35387 3 0
35498 3 0
35609 2 0
35720 3 0
35831 3 0
35942 2 0
36054 1 1000
38700 1 0
38811 2 0
38922 1 0
39034 1 0
39145 2 0
39256 1 0
39368 1 0
39479 2 0
39590 1 0
39701 1 0
39812 2 0
39923 1 0
40034 3 0
40145 3 0
40256 3 0
40368 2 0
40479 2 0
40590 2 0
40702 1 0
40813 1 0
40924 1 0
41035 0 0
41146 0 0
41257 0 0
41368 0 0
41479 1 0
41590 2 0
41702 2 230
42036 1 0
42147 2 0
42258 3 0
42369 3 230
42702 3 0
42813 2 0
42924 1 0
43036 1 230
43370 2 0
43481 1 0
43592 0 0
43703 0 230
44036 3 230
44370 2 230
44704 1 230
45037 0 230
45370 1 230
45704 2 230
46038 3 0
46260 1 0
46371 1 0
46593 3 0
46704 3 230
47038 2 230
47372 1 230
47705 0 230
48038 1 230
48372 2 230
48706 3 230
49039 2 230
49372 0 230
49706 0 230
50040 1 230
50373 1 230
50706 2 230
51040 2 230
51374 3 0
51485 2 0
51596 2 0
51707 1 0
51818 1 0
51929 0 0
52040 3 230
52374 2 0
52485 2 0
52596 2 0
52708 2 230
53041 1 0
53152 1 0
53263 1 0
53374 1 230
53708 2 230
54042 3 230
54375 2 230
54708 3 0
54930 1 0
55042 1 0
55264 2 0
55376 2 0
55598 0 0
55709 0 0
55931 1 0
56042 1 0
56264 2 0
56376 2 0
56710 3 230
57043 1 230
57376 0 230
57710 0 0
57821 1 0
57932 2 0
58044 3 230
58377 0 0
58488 1 0
58599 2 0
58710 3 230
59044 2 230
59378 1 230
59711 0 230
60044 1 230
60378 3 230
60712 0 230
61045 2 230
61378 1 0
61600 1 0
61823 1 0
62046 2 0
62268 2 0
62490 2 0
62712 3 0
62934 3 0
63157 3 0
63380 1 0
63602 2 0
63713 2 0
63935 0 0
64046 0 0
64268 3 0
64380 3 0
64602 2 0
64714 2 0
64936 0 0
65047 0 0
65269 2 0
65380 1 0
65491 1 0
65602 1 0
65714 2 0
65825 2 0
65936 2 0
66048 3 230
66381 3 230
66714 2 230
67048 2 230
67382 1 230
67715 1 230
68048 0 0
68270 1 0
68382 1 0
68604 2 0
68716 2 230
69049 0 0
69160 1 0
69271 2 0
69382 2 230
69716 0 0
69827 1 0
69938 2 0
70050 2 230
70383 0 0
70494 1 0
70605 2 0
70716 3 0
70827 2 0
70938 1 0
71050 0 230
71384 1 230
71717 0 230
72050 2 230
72384 1 230
72718 3 0
72829 3 0
72940 3 0
73051 2 0
73162 2 0
73273 2 0
73384 1 230
73718 0 230
74052 1 230
74385 1 230
74718 1 230
75052 1 230
75386 3 230
75719 3 230
76052 3 230
76386 3 230
76608 1 0
76720 2 0
76942 1 0
77053 2 0
77275 1 0
77386 2 0
77608 1 0
77720 2 0
77942 1 0
78054 2 0
78276 1 0
78387 2 0
78609 1 0
78720 0 0
78831 0 0
78942 0 0
79054 1 0
79165 1 0
79276 1 0
79388 0 0
79554 0 0
79721 1 0
79887 1 0
80054 2 0
80221 2 0
80388 3 0
80555 3 0
80722 0 0
80889 0 0
81056 1 0
81223 1 0
81390 2 0
81557 2 0
81724 3 0
81890 3 0
82056 0 550
82722 3 0
82833 2 0
82944 1 0
83056 0 0
83167 1 0
83278 2 0
83390 3 550
84056 2 0
84167 1 0
84278 0 0
84390 1 0
84501 2 0
84612 3 0
84724 2 2500