237
3076 0 0
3653 0 0
6153 3 0
6730 3 0
7692 2 0
8076 2 0
8461 2 0
8653 0 0
8846 2 0
9038 1 0
9230 2 300
9807 3 0
10000 1 300
10576 2 0
10769 0 500
11730 1 0
11923 2 0
12115 0 0
12307 2 0
12692 2 0
13076 2 0
13461 2 0
13846 3 700
15000 1 0
15192 2 0
15384 3 500
16153 0 200
16538 1 0
16730 2 0
16923 3 500
17692 0 0
18076 0 0
18268 1 0
18461 2 300
19038 3 0
19230 1 300
19807 2 0
20000 0 700
20961 2 0
21154 1 0
21346 2 0
21539 3 0
21923 0 0
22308 2 0
22693 3 0
22885 2 0
23077 2 0
23269 0 0
23462 1 0
23654 0 0
23846 0 0
24038 2 0
24231 3 0
24423 0 0
24616 2 0
25000 1 0
25385 2 0
25769 3 0
25961 2 0
26154 2 0
26346 1 0
26539 3 0
26731 0 0
26923 0 0
27115 2 0
27308 3 0
27500 1 0
27693 0 0
28077 0 0
28462 3 0
28654 1 0
28846 2 0
29038 0 0
29231 3 0
29423 1 0
29616 2 0
29808 0 0
30000 3 0
30192 1 0
30385 0 0
30577 1 0
30769 2 0
31154 1 0
31539 3 0
31923 2 0
32308 3 0
32500 3 0
32693 2 0
32885 1 0
33077 2 0
33846 3 300
34423 2 0
34616 0 0
34808 2 0
35000 3 0
35385 2 0
35577 0 0
35769 1 0
35961 0 0
36154 1 0
36346 2 0
36539 3 0
36731 1 0
36923 2 0
37693 3 0
37885 1 0
38077 2 0
38269 0 0
38462 3 0
38654 1 0
38846 2 0
39038 0 0
39231 2 0
39423 1 0
39616 2 0
39808 0 0
40000 3 385
40769 1 0
40961 3 0
41154 0 0
41346 2 0
41539 3 0
41731 1 0
41923 0 0
42115 3 0
42308 1 0
42500 3 0
42693 0 0
42885 3 0
43077 1 385
43846 3 0
44038 0 0
44231 2 0
44423 1 0
44616 0 0
44808 1 0
45000 0 0
45192 1 0
45385 2 0
45577 2 0
45769 3 0
45961 1 0
46154 0 0
46346 2 0
46539 0 0
46731 2 0
46923 0 0
47115 2 0
47308 0 0
47500 2 0
47693 0 0
47885 2 0
48077 0 0
48269 2 0
48462 0 0
48654 2 0
48846 0 0
49038 2 0
49231 1 0
49423 3 0
49616 1 0
49808 3 0
50000 1 0
50192 3 0
50385 1 0
50577 3 0
50769 1 0
50961 3 0
51154 1 0
51346 3 0
51539 1 0
51731 0 0
51923 2 0
52115 1 0
52308 3 0
52885 1 0
53462 0 0
55385 0 0
55961 1 0
56539 1 0
58462 1 0
59038 0 0
59808 1 0
60192 1 0
61539 1 0
62115 0 0
62885 1 0
63055 2 0
63461 2 0
63846 2 0
64038 0 0
64231 2 0
64423 1 0
64615 2 300
65192 3 0
65384 1 300
65961 2 0
66154 0 576
67115 1 0
67307 2 0
67499 0 0
67692 2 0
68077 2 0
68461 2 0
68846 2 0
69231 3 769
70384 1 0
70576 2 0
70769 3 577
71538 0 0
71923 1 0
72115 2 0
72307 3 577
73077 0 0
73461 0 0
73653 1 0
73846 2 385
74423 3 0
74615 1 385
75192 2 0
75384 0 770
76538 1 0
76730 2 0
76923 3 576
77692 0 0
78077 1 0
78269 2 0
78461 3 577
79231 0 0
79615 0 0
79807 1 0
80000 2 384
80576 3 0
80769 1 385
81346 2 0
81538 0 769
83077 1 0